solid stl file generated from DOUG
 facet normal 0.000000 -0.960330 -0.278868
  outer loop
   vertex 91.348984 86.168442 163.918549
   vertex 90.348984 86.168442 163.918549
   vertex 90.348984 87.345757 159.864258
  endloop
 endfacet
 facet normal 0.000000 0.146857 0.989158
  outer loop
   vertex 90.349274 -25.594910 104.657036
   vertex 91.349274 -25.594910 104.657036
   vertex 91.349281 0.874223 100.727242
  endloop
 endfacet
 facet normal 0.000000 0.989158 -0.146858
  outer loop
   vertex 91.349213 86.076942 163.900894
   vertex 90.349213 86.076942 163.900894
   vertex 91.349182 90.092857 190.949966
  endloop
 endfacet
 facet normal -0.000000 0.989158 -0.146858
  outer loop
   vertex 91.349182 90.092857 190.949966
   vertex 90.349213 86.076942 163.900894
   vertex 90.349182 90.092857 190.949966
  endloop
 endfacet
 facet normal 0.000000 -0.989158 0.146858
  outer loop
   vertex 91.349213 86.076942 163.900894
   vertex 91.349182 90.092857 190.949966
   vertex 90.349213 86.076942 163.900894
  endloop
 endfacet
 facet normal -0.000000 -0.989158 0.146858
  outer loop
   vertex 90.349213 86.076942 163.900894
   vertex 91.349182 90.092857 190.949966
   vertex 90.349182 90.092857 190.949966
  endloop
 endfacet
 facet normal 0.000000 0.146857 0.989158
  outer loop
   vertex 90.349274 -25.594910 104.657036
   vertex 91.349281 0.874223 100.727242
   vertex 90.349281 0.874223 100.727242
  endloop
 endfacet
 facet normal -0.000000 -0.165996 0.986126
  outer loop
   vertex 90.349281 0.874223 100.727242
   vertex 91.349281 0.874223 100.727242
   vertex 91.349274 28.711637 105.413162
  endloop
 endfacet
 facet normal 0.000000 -0.165996 0.986126
  outer loop
   vertex 91.349274 28.711637 105.413162
   vertex 90.349274 28.711637 105.413162
   vertex 90.349281 0.874223 100.727242
  endloop
 endfacet
 facet normal -0.000000 -0.462601 0.886566
  outer loop
   vertex 91.349258 53.738693 118.472023
   vertex 90.349274 28.711637 105.413162
   vertex 91.349274 28.711637 105.413162
  endloop
 endfacet
 facet normal 0.000000 -0.462601 0.886566
  outer loop
   vertex 90.349258 53.738693 118.472023
   vertex 90.349274 28.711637 105.413162
   vertex 91.349258 53.738693 118.472023
  endloop
 endfacet
 facet normal 0.000000 -0.146857 -0.989158
  outer loop
   vertex 91.349274 -25.594910 104.657036
   vertex 90.349274 -25.594910 104.657036
   vertex 91.349281 0.874223 100.727242
  endloop
 endfacet
 facet normal -0.000000 -0.146857 -0.989158
  outer loop
   vertex 91.349281 0.874223 100.727242
   vertex 90.349274 -25.594910 104.657036
   vertex 90.349281 0.874223 100.727242
  endloop
 endfacet
 facet normal 0.000000 0.165996 -0.986126
  outer loop
   vertex 90.349281 0.874223 100.727242
   vertex 91.349274 28.711637 105.413162
   vertex 91.349281 0.874223 100.727242
  endloop
 endfacet
 facet normal -0.000000 0.165996 -0.986126
  outer loop
   vertex 90.349274 28.711637 105.413162
   vertex 91.349274 28.711637 105.413162
   vertex 90.349281 0.874223 100.727242
  endloop
 endfacet
 facet normal 0.000000 0.462601 -0.886566
  outer loop
   vertex 91.349258 53.738693 118.472023
   vertex 91.349274 28.711637 105.413162
   vertex 90.349274 28.711637 105.413162
  endloop
 endfacet
 facet normal -0.000000 0.462601 -0.886566
  outer loop
   vertex 90.349274 28.711637 105.413162
   vertex 90.349258 53.738693 118.472023
   vertex 91.349258 53.738693 118.472023
  endloop
 endfacet
 facet normal 0.000000 -0.960330 -0.278868
  outer loop
   vertex 91.348984 86.168442 163.918549
   vertex 90.348984 87.345757 159.864258
   vertex 91.348984 87.345757 159.864258
  endloop
 endfacet
 facet normal -0.000000 -0.999324 0.036754
  outer loop
   vertex 91.348984 87.345757 159.864258
   vertex 90.348984 87.345757 159.864258
   vertex 90.348991 87.157318 154.740677
  endloop
 endfacet
 facet normal 0.000000 -0.999324 0.036754
  outer loop
   vertex 90.348991 87.157318 154.740677
   vertex 91.348991 87.157318 154.740677
   vertex 91.348984 87.345757 159.864258
  endloop
 endfacet
 facet normal -0.000000 -0.965468 0.260520
  outer loop
   vertex 90.348999 85.621574 149.049332
   vertex 91.348991 87.157318 154.740677
   vertex 90.348991 87.157318 154.740677
  endloop
 endfacet
 facet normal -0.000004 -0.965468 0.260521
  outer loop
   vertex 91.348999 85.621574 149.049347
   vertex 91.348991 87.157318 154.740677
   vertex 90.348999 85.621574 149.049332
  endloop
 endfacet
 facet normal -0.000007 -0.901783 0.432190
  outer loop
   vertex 90.348999 85.621574 149.049332
   vertex 90.349007 82.888840 143.347366
   vertex 91.348999 85.621574 149.049347
  endloop
 endfacet
 facet normal 0.000000 -0.901783 0.432189
  outer loop
   vertex 91.348999 85.621574 149.049347
   vertex 90.349007 82.888840 143.347366
   vertex 91.349007 82.888840 143.347366
  endloop
 endfacet
 facet normal -0.000000 -0.815194 0.579188
  outer loop
   vertex 91.349007 82.888840 143.347366
   vertex 90.349007 82.888840 143.347366
   vertex 90.349014 79.226639 138.192902
  endloop
 endfacet
 facet normal 0.000000 -0.815194 0.579188
  outer loop
   vertex 90.349014 79.226639 138.192902
   vertex 91.349014 79.226639 138.192902
   vertex 91.349007 82.888840 143.347366
  endloop
 endfacet
 facet normal -0.000000 -0.695926 0.718114
  outer loop
   vertex 90.349014 74.993439 134.090500
   vertex 91.349014 79.226639 138.192902
   vertex 90.349014 79.226639 138.192902
  endloop
 endfacet
 facet normal 0.000000 -0.695926 0.718114
  outer loop
   vertex 91.349014 74.993439 134.090500
   vertex 91.349014 79.226639 138.192902
   vertex 90.349014 74.993439 134.090500
  endloop
 endfacet
 facet normal -0.000000 -0.516628 0.856210
  outer loop
   vertex 90.349014 74.993439 134.090500
   vertex 90.349022 70.603615 131.441727
   vertex 91.349014 74.993439 134.090500
  endloop
 endfacet
 facet normal 0.000000 -0.516628 0.856210
  outer loop
   vertex 91.349014 74.993439 134.090500
   vertex 90.349022 70.603615 131.441727
   vertex 91.349022 70.603615 131.441727
  endloop
 endfacet
 facet normal -0.000000 -0.609613 0.792699
  outer loop
   vertex 91.349022 70.603615 131.441727
   vertex 90.349022 70.603615 131.441727
   vertex 90.349258 53.738693 118.472023
  endloop
 endfacet
 facet normal 0.000000 -0.609613 0.792699
  outer loop
   vertex 90.349258 53.738693 118.472023
   vertex 91.349258 53.738693 118.472023
   vertex 91.349022 70.603615 131.441727
  endloop
 endfacet
 facet normal 0.000000 0.960330 0.278868
  outer loop
   vertex 90.348984 86.168442 163.918549
   vertex 91.348984 86.168442 163.918549
   vertex 90.348984 87.345757 159.864258
  endloop
 endfacet
 facet normal -0.000000 0.960330 0.278868
  outer loop
   vertex 90.348984 87.345757 159.864258
   vertex 91.348984 86.168442 163.918549
   vertex 91.348984 87.345757 159.864258
  endloop
 endfacet
 facet normal 0.000000 0.999324 -0.036754
  outer loop
   vertex 91.348984 87.345757 159.864258
   vertex 90.348991 87.157318 154.740677
   vertex 90.348984 87.345757 159.864258
  endloop
 endfacet
 facet normal -0.000000 0.999324 -0.036754
  outer loop
   vertex 91.348991 87.157318 154.740677
   vertex 90.348991 87.157318 154.740677
   vertex 91.348984 87.345757 159.864258
  endloop
 endfacet
 facet normal 0.000000 0.965468 -0.260520
  outer loop
   vertex 90.348999 85.621574 149.049332
   vertex 90.348991 87.157318 154.740677
   vertex 91.348991 87.157318 154.740677
  endloop
 endfacet
 facet normal 0.000004 0.965468 -0.260521
  outer loop
   vertex 91.348991 87.157318 154.740677
   vertex 91.348999 85.621574 149.049347
   vertex 90.348999 85.621574 149.049332
  endloop
 endfacet
 facet normal 0.000007 0.901783 -0.432190
  outer loop
   vertex 90.348999 85.621574 149.049332
   vertex 91.348999 85.621574 149.049347
   vertex 90.349007 82.888840 143.347366
  endloop
 endfacet
 facet normal -0.000000 0.901783 -0.432189
  outer loop
   vertex 90.349007 82.888840 143.347366
   vertex 91.348999 85.621574 149.049347
   vertex 91.349007 82.888840 143.347366
  endloop
 endfacet
 facet normal 0.000000 0.815194 -0.579188
  outer loop
   vertex 91.349007 82.888840 143.347366
   vertex 90.349014 79.226639 138.192902
   vertex 90.349007 82.888840 143.347366
  endloop
 endfacet
 facet normal -0.000000 0.815194 -0.579188
  outer loop
   vertex 91.349014 79.226639 138.192902
   vertex 90.349014 79.226639 138.192902
   vertex 91.349007 82.888840 143.347366
  endloop
 endfacet
 facet normal 0.000000 0.695926 -0.718114
  outer loop
   vertex 90.349014 74.993439 134.090500
   vertex 90.349014 79.226639 138.192902
   vertex 91.349014 79.226639 138.192902
  endloop
 endfacet
 facet normal -0.000000 0.695926 -0.718114
  outer loop
   vertex 91.349014 79.226639 138.192902
   vertex 91.349014 74.993439 134.090500
   vertex 90.349014 74.993439 134.090500
  endloop
 endfacet
 facet normal 0.000000 0.516628 -0.856210
  outer loop
   vertex 90.349014 74.993439 134.090500
   vertex 91.349014 74.993439 134.090500
   vertex 90.349022 70.603615 131.441727
  endloop
 endfacet
 facet normal -0.000000 0.516628 -0.856210
  outer loop
   vertex 90.349022 70.603615 131.441727
   vertex 91.349014 74.993439 134.090500
   vertex 91.349022 70.603615 131.441727
  endloop
 endfacet
 facet normal 0.000000 0.609613 -0.792699
  outer loop
   vertex 91.349022 70.603615 131.441727
   vertex 90.349258 53.738693 118.472023
   vertex 90.349022 70.603615 131.441727
  endloop
 endfacet
 facet normal -0.000000 0.609613 -0.792699
  outer loop
   vertex 91.349258 53.738693 118.472023
   vertex 90.349258 53.738693 118.472023
   vertex 91.349022 70.603615 131.441727
  endloop
 endfacet
endsolid